alpha: [0.0001, 0.0001, 0.01, 0.0001, 0.0001, 0.0001]
x_0: [2,2,0]
delta_t: 1
marker_locations: [[0.0,0.0],[4.0,0.0],[8.0,0.0],[8.0,6.0],[4.0,6.0],[0.0,6.0]]
x_range: [0.0,8.0]
y_range: [0.0,6.0]
motion_commands: [[1,0],[1,0],[1,0],[1.5707963268,1.5707963268],[1.5707963268,1.5707963268],[1,0],[1,0],[1,0]]
sigma_r: 0.1
sigma_theta: 0.09
measurements: [[2.276,5.249,2],[4.321,5.834,3],[3.418,5.869,3],[3.774,5.911,4],[2.631,5.140,5],[4.770,5.791,6],[3.828,5.742,6],[3.153,5.739,6]]
initial_sigma_t_1: [[0,0,0],[0,0,0],[0,0,0]]

num_particles: 1000